
time over

time over

time over

time over

time over
study over
len=272
   0 
 897  446   60  165   57  167   60   51   57   54   57   54   57   53   57   54   59  165   58  166 
  57   53   57  167   58   53   58  166   60   51   60  164   58   53   58   53   60   51   58   53 
  60   51   57  167   60   51   57   54   57  167   60  164   60  165   57  167   60  164   58   53 
  60  165   59  164   57   54   60 4141  897  446   58  166   60  165   60   51   57   54   59   50 
  60   51   58   53   59  165   60  165   60   50   58  167   57   54   59  164   60   51   60  164 
  60   51   60   51   60   51   60   51   59   50   60  164   57   54   60   50   58  167   57  167 
  58  166   58  167   60  164   58   53   57  167   58  167   57   53   58 4159  900  444   57  167 
  60  160   62   53   58   53   60   51   57   54   57   54   59  165   60  164   60   51   58  166 
  60   51   60  165   57   53   59  165   60   51   59   52   57   53   60   51   58   53   60  164 
  60   51   58   53   60  164   58  167   59  165   60  164   60  165   59   51   59  165   60  164 
  60   51   57 4158  897  447   57  167   60  164   58   53   60   51   60   51   60   50   60   51 
  57  167   60  164   60   51   58  166   60   51   58  167   59   51   58  167   60   51   57   53 
  58   53   58   53   60   51   57  166   60   51   58   53   58  166   60  164   58  167   60  164 
  60  165   57   53   60  165   59  164   57   53   57 
time over

time over

time over

time over

time over

time over
study over
len=200
   0 
 436  441   53  161   53   56   53  161   53  163   53   54   53   57   53  160   53   56   53   54 
  53  164   53   54   53   56   53  161   53  163   53   54   53  163   53   54   53  164   53  161 
  53  163   53  164   53   54   53  164   53  161   53  163   52   54   53   57   53   54   53   57 
  53  161   53   56   53   54   53  164   53  161   53  164   53   54   53   56   53   54   53   57 
  53   54   53   57   53   54   53   54   55  161   53  164   53  161   53  164   53  161   53  521 
 437  440   53  161   53   56   54  163   51  163   52   54   53   57   53  163   51   56   53   53 
  54  166   50   54   53   57   53  163   51  166   51   56   51  166   50   57   53  163   51  166 
  51  163   51  166   50   57   50  166   51  163   51  166   51   59   50   57   50   57   50   59 
  51  163   51   59   51   56   51  166   50  166   51  163   51   59   51   56   51   56   51   59 
  50   57   50   59   51   56   53   57   53  161   51  166   50  164   50  166   51  166   51 
time over

time over

time over

time over

time over

time over
study over
len=200
   0
发射时
  高   低   高   低   高   低   高   低   高   低   高   低   高   低   高   低   高   低   高   低
 431  446   51  163   54   58   51  166   50  166   53   56   54   59   51  163   53   58   53   57 
  50  169   51   56   54   58   51  166   51  165   53   57   53  165   51   59   51  169   51  163 
  50  167   50  167   53   56   54  166   51  165   51  166   50   59   51   60   53   56   51   62 
  51  163   53   59   53   57   50  169   51  163   53  166   51   61   48   61   51   57   53   62 
  48   57   53   62   51   56   51   59   53  166   51  168   51  164   50  169   51  166   48  526 
 434  442   53  166   49   63   48  170   46  170   46   61   48   65   46  170   46   63   51   57 
  49  173   46   61   46   64   54  165   49  170   52   57   52  167   48   62   55  161   55  164 
  53  163   55  163   52   59   52  164   55  161   55  164   55   57   51   59   53   55   52   60 
  51  165   51   61   48   61   48  169   55  161   58  158   58   57   55   54   55   54   55   57 
  53   55   55   57   55   54   51   62   55  157   57  162   57  160   54  163   56  162   57 

study over
len=200
   0 
 437  440   53  161   53   56   54  161   53  163   53   54   53   57   53  161   53   56   54   54 
  53  163   53   54   53   57   53  161   53  164   53   53   53  163   53  161   53   57   53  161 
  53  164   53  163   53  161   53  164   53  161   53   57   53  161   53   56   53   54   53   57 
  53   54   53   56   54   54   53  163   53  161   53   57   53  161   53  163   54  163   53   54 
  53   54   53   57   53   54   53  164   53   53   54   56   53   54   53  164   53  161   53  521 
 437  440   53  161   52   57   53  161   53  163   54   54   53   56   53  161   53   57   53   54 
  53  164   53   54   53   56   53  161   53  164   53   54   53  164   53  163   53   54   53  164 
  53  161   53  163   54  161   53  163   53  166   51   54   53  166   51   54   53   56   53   54 
  53   54   53   57   53   54   53  166   51  166   50   54   53  166   51  163   53  164   51   54 
  53   56   53   57   50   59   51  163   51   59   51   54   53   54   53  166   53  163   51 
time over

time over

time over

time over

time over

time over
study over
len=200
   0 
 433  444   55  159   54   58   59  155   48  171   59   48   48   64   59  156   54   56   60   49 
  53  166   56   51   48   65   58  156   54  165   55   52   54  162   56  161   58   52   48  169 
  59  158   57  161   56  159   53  166   54  161   58   52   53  163   58   51   48   61   58   53 
  56   52   55   55   53   57   59  157   48  168   59   52   57  159   55  162   50  168   59   49 
  48   61   59   52   54   55   55  163   53   55   59   51   48   62   58  159   57  159   55  520 
 437  441   51  164   53   57   53  160   50  168   48   61   55   55   54  162   54   57   53   55 
  49  169   58   49   48   64   58  157   47  171   55   53   54  165   51  166   52   57   48  170 
  52  164   46  170   58  161   51  163   54  167   54   53   55  166   52   53   46   63   54   56 
  54   55   50   57   57   52   48  171   55  166   44   59   58  163   49  165   58  162   51   56 
  54   55   54   57   54   57   48  165   58   54   55   52   45   62   57  162   60  157   56 
time over

time over

time over

time over

time over

time over

time over

time over

time over
study over
len=200
   0 
 437  440   53  161   53   57   53  161   53  163   53   54   54   56   53  161   53   57   53   54 
  53  163   53   54   53   57   53  161   53  164   53   54   53  163   53   54   54  163   53  161 
  53  163   53  164   53   53   53  163   53  161   53  163   53   54   53   56   53   53   53   56 
  53  161   53   57   53   54   53  163   54  160   53  163   53   54   53   57   53   54   53   56 
  53   53   53   56   53   54   53   54   56  161   53  163   53  160   53  163   53  161   53  521 
 437  441   52  161   53   56   53  161   53  164   53   54   53   56   54  160   54   56   53   54 
  53  164   53   54   53   56   53  161   53  163   53   54   53  164   53   54   55  160   53  163 
  53  161   53  164   53   54   53  163   53  160   53  163   53   57   53   54   53   54   53   56 
  54  160   53   56   53   54   53  164   53  164   53  160   54   56   53   54   53   54   53   57 
  53   54   53   56   54   53   53   56   53  161   53  164   53  161   53  163   54  163   53 

